17
64
23
46
54
10
27
38
39
31
48
57
58
19
22
63
59
25
27
44
58
49
45
60
34
20
44
55
48
22
47
11
51
30
38
59
26
61
55
60
35
53
48
51
57
47
3
58
38
33
37
46
34
54
37
48
51
53
54
11
37
49
28
40
21
65
26
22
41
20
66
35
40
54
15
12
33
20
32
22
64
27
46
36
13
45
30
24
53
40
9
28
54
51
30
49
31
51
53
56
28
53
46
48
46
39
18
51
22
67
57
50
61
39
65
35
30
33
45
37
48
16
51
39
36
39
16
50
23
64
35
9
40
38
20
55
50
35
41
31
70
50
50
45
61
14
47
68
65
15
41
17
50
9
25
40
62
59
50
45
6
16
61
40
12
23
63
46
26
54
39
53
31
8
58
19
60
56
21
29
24
32
64
53
39
39
21
37
20
31
60
53
39
27
15
62
34
55
49
47
10
29
60
69
65
36
29
37
46
48
51
36
57
52
63
46
27
5
35
60
41
30
48
29
13
38
49
48
45
19
23
23
22
50
25
9
49
50
57
58
16
55
12
44
52
9
9
66
58
38
26
26
27
42
58
56
23
18
52
53
41
32
33
53
54
39
61
34
8
23
32
50
43
42
34
60
50
60
54
39
57
31
16
41
25
69
29
64
55
35
52
42
27
37
19
23
30
53
31
14
13
28
38
53
59
17
26
23
27
58
16
52
55
45
8
57
43
58
25
40
38
43
45
8
34
40
35
45
32
28
36
48
40
54
26
38
45
54
32
29
23
43
44
52
37
43
38
39
36
41
64
30
53
70
60
18
18
22
51
42
33
7
35
42
48
41
34
28
32
19
24
37
15
26
45
11
60
31
51
55
35
58
56
13
18
37
19
41
34
14
17
7
55
49
37
43
48
19
65
41
8
42
54
43
62
61
49
51
28
34
31
26
28
54
46
48
47
35
43
41
12
11
50
56
45
50
12
25
29
31
61
37
6
10
15
12
41
34
23
32
4
23
32
50
15
35
38
31
48
13
20
15
13
56
40
8
30
27
67
32
58
28
49
46
33
36
30
39
18
46
39
32
45
12
69
42
52
51
37
53
47
70
58
56
19
9
13
36
51
32
14
67
39
31
27
10
57
15
14
51
34
47
59
33
9
33
16
16
58
62
33
27
35
11
20
22
35
40
47
46
26
51
23
13
27
37
46
32
24
21
21
43
62
54
21
52
52
11
20
8
42
46
65
35
21
64
50
30
60
50
22
55
17
42
24
33
8
14
69
8
20
41
18
20
46
21
37
23
36
45
30
49
37
25
57
36
60
53
36
44
15
66
11
64
30
43
13
58
46
44
26
67
20
13
41
66
56
16
28
33
51
40
37
39
40
23
38
60
19
14
61
50
56
33
57
65
22
10
24
55
43
50
66
51
61
22
40
29
65
42
11
19
19
25
18
35
59
55
68
12
53
43
61
57
34
57
34
63
22
53
29
50
40
34
55
44
40
46
61
11
21
10
55
61
29
51